100 10000
1 10000000
4 10000000
4 10000000
4 10000000
4 10000000
4 10000000
4 10000000
4 10000000
4 10000000
4 10000000
4 10000000
4 10000000
4 10000000
4 10000000
4 10000000
4 10000000
4 10000000
4 10000000
4 10000000
4 10000000
4 10000000
4 10000000
4 10000000
4 10000000
4 10000000
4 10000000
4 10000000
4 10000000
4 10000000
4 10000000
4 10000000
4 10000000
4 10000000
4 10000000
4 10000000
4 10000000
4 10000000
4 10000000
4 10000000
4 10000000
4 10000000
4 10000000
4 10000000
4 10000000
4 10000000
4 10000000
4 10000000
4 10000000
4 10000000
4 10000000
4 10000000
4 10000000
4 10000000
4 10000000
4 10000000
4 10000000
4 10000000
4 10000000
4 10000000
4 10000000
4 10000000
4 10000000
4 10000000
4 10000000
4 10000000
4 10000000
4 10000000
4 10000000
4 10000000
4 10000000
4 10000000
4 10000000
4 10000000
4 10000000
4 10000000
4 10000000
4 10000000
4 10000000
4 10000000
4 10000000
4 10000000
4 10000000
4 10000000
4 10000000
4 10000000
4 10000000
4 10000000
4 10000000
4 10000000
4 10000000
4 10000000
4 10000000
4 10000000
4 10000000
4 10000000
4 10000000
4 10000000
4 10000000
4 10000000
4 10000000
