1000 1
8572300956 -1934608582 -1316453384
-6216467835 -5722199314 2738297208
418344962 1003983395 2799308046
5821581522 5403444805 4324269730
7779702596 -6210497133 -8713188257
8241908113 4305864730 -3867594415
-6652198768 -5015802830 -6539252985
1619305363 -2788909116 1054191742
5047066565 1788892820 -647358810
-1333993393 1793638054 -7597836167
-8958793639 -4256534223 7270457824
5242620554 5534029919 -7962439507
4173349023 -3167193734 -6776797354
6612980097 -7311205156 3290055189
5239316692 4892957864 3854161120
-3571612702 -4060986674 -4102789358
-8420763979 1893071854 5919260640
-267927666 -3193526313 -8355026419
2448979339 3747116832 -3972030337
1856060480 7016792036 -6855279728
-2725615144 3252515739 925530698
-4068080082 -4741168699 9124751700
9925685961 4522465025 -7017276891
7536830266 6031192635 -6387301282
6119707670 8063380167 -5870930160
-1396855968 -9925059725 -9007526451
-6728948826 -2715544939 -4070911734
-3456586121 -6088026693 -6960439401
1325491127 -7407059577 727615190
691824544 6629654483 6623200201
-8623238160 9303555826 -3454724182
1438350700 -689823890 -5559356697
-6844718753 -132372738 -8415659800
4218784004 8528092535 -3760741138
-2084508081 9133735640 7410089359
6554600063 7090523833 -7397392792
1478378746 -2784977575 -9179707018
-1173807038 -5965924092 3393835592
1982505268 5595549993 3477212158
489177614 -634672907 6157702911
813282093 4012081665 -9433760604
2397851766 2948503115 5414879323
-1729891916 4595837904 -7047671574
5541645555 5926267351 -899351988
3590931585 -7484495780 6232954146
-800231510 -3756290699 6392963066
-6110327639 6443030461 8702639555
9447081515 -2724425932 1962953743
-8808160700 5679554824 -1710580015
-7363747577 4530396615 -2368562019
-121161429 6273756950 4329741248
1994504863 3336837338 -5104236028
-1505191373 1738111705 3563851235
3624911587 -6938795756 -3547644910
4800895135 3859567102 6563331521
4408529429 -7209826434 1071936199
573445424 1420903231 9411239277
7685805703 9650831688 -1496689155
-5092562882 -4464824576 -4632526133
1188588987 -8510689759 436986401
8540354861 4678957773 -3100035479
2479962339 9567125094 6029420489
-9080847023 -1630309461 -5507019437
4195471894 -1108123092 3570530809
839566422 -9231605208 4439212627
-8131305014 4007036799 -7663648800
9558158483 -3320653070 2354292050
9400906153 -845274935 -2654863404
-5947704174 -6808966661 -602697239
-5744543746 -7718218850 -4887936348
5208364541 8438129980 5191374856
4633844220 1536042178 -2844449574
1217326621 -1498791205 -5094765255
-6410169554 7430706665 1195926692
7084400522 4956073985 5353732786
7312065494 -3211863336 -6622229336
-5741384500 4179014170 1056157052
-2698875458 -5781881556 1209510271
-5763623013 8618047825 7843997685
-4145373705 8938974731 3433511370
-4306383505 8798248981 -2884353330
2662173743 7850719747 -2314658422
4096236288 -7571715517 4159767895
-5752839418 2674576348 -7266081115
3720171929 -8075499 4540572921
7128269251 4822332350 -2765142683
-8047087437 -2816336583 7281664318
6803567994 730354625 7868120118
-1078275724 6389999435 3543542034
8579543708 -1690423594 952543368
-5454726700 -4293197070 -8882071711
9344026333 87541813 3873794429
-1644023633 -3664402242 2399634085
-1010729035 7115380514 -6972055713
840532154 6666023093 4978436877
9369831236 -6512261885 -1617220010
7531532656 -8162213230 -3435466217
8619836069 -6500873817 4888512815
7439566146 -5848571649 5861537530
-4505795163 3718699138 4667438130
8163521309 -2102914629 7496517058
-6556619451 7898038364 -2703467091
3069602262 6675336590 2717541434
4041757747 4222431129 5750560683
-9639284855 971295107 6638932453
9795225692 9357664943 1976525453
-9306340532 -411755469 -7290685769
-1991005491 -8241647227 -7397109117
3204685533 -2718250875 -1938970604
-8377066670 -1204125894 9962178450
226945662 -7537264808 -9661412808
6365513074 -4751012896 8910423625
6995860855 6214209961 -2826606630
-6196192198 3784393847 173883475
9969850073 2048642295 -688597955
-6439899609 -803094962 8531177503
-959500630 -7299477895 -8864721917
8696554244 -3077030774 5980014312
-6565293864 -5118129316 3948173995
7169371997 -2748489267 -4076270690
-8089468300 952580034 2192264951
-2536522211 -7193189592 -544530037
-3506020401 9007600238 -5275990505
4754840225 -1095525262 3820530839
9433236634 4076146075 8386561618
-2616953356 -7312388119 -4853210370
-7800105619 -2935077963 -6471832053
-4005409529 9991857915 4914315290
-4150390437 6588799908 -8709818818
-9272741833 2892690168 7838253162
-6425207065 -3813038186 3413209788
3337367549 -5119379711 -9492623652
-6860991435 4330882233 -9756150651
-8665309069 -8686887811 804682338
2526871737 6153642498 -8216679743
-3736130525 7761775878 5949339792
-6132889176 -198802788 109808810
8308058863 -1192543763 5385265070
3174386085 -3539392092 4510379091
2789103160 3613546077 -7329167755
-7369100081 3066190128 2675186809
-1822886716 1339877668 8679569755
-3112092864 -6555930558 -2779456031
427327039 5327270383 -9661723087
-6316347368 3262612355 -3092637153
9305790098 4021953165 -2669958039
-6578865469 8974903763 -7456173248
-8011662546 -22641961 -6766663352
1029982561 1570763330 -2393687834
2739872951 -3915768111 4084676944
4047272148 5803834137 -2471428359
-9420847773 -7458777329 6549810323
2878914207 -4942807600 -5374822266
3490443663 4979957319 -5048327498
-9510797727 137336487 9354578419
9070136150 9885388973 9296578298
-924245146 8710644573 -5864805379
-5527462205 1217804522 8624444366
3068099302 -5448752753 -9171015416
5045928411 -5509129688 4546863444
-1070477159 3566446184 7088490580
-7040192447 -1601743258 -43964669
-680688187 -9783412054 1374341550
897776026 -9202594260 3718775456
6294213586 3164866782 2514204597
-2544416375 -8517210533 -3044524947
-2895436142 -3906747564 -6915329430
7881571993 5709985724 -5644075121
7062892723 -2743236677 87911468
8331304081 -3144689716 -6990941616
-6963668826 5509723545 -1603638329
-1829406651 -7052365036 6882744577
6460422106 -4095069251 3854920183
-4528957477 6426159425 -7841104255
7744892274 1718785000 5180838374
4150323442 8716996665 171159732
-1527789768 93772653 3988209135
-478108733 -7257986101 -8109244247
5702560538 -8783918261 337312149
-8827597972 7037766377 -8613964773
-4901665468 -9961659284 -372624361
8327727893 -2648489251 -2066523591
6514031008 -786255648 -6295425788
5023511792 8387565369 -1198017299
-3629908399 8316159968 1699676872
-6660984655 -4164992485 6240955108
-9263236785 -9700804203 -8333201590
-2968141006 -1951431439 -4820248785
-6991273788 7934263734 9682055706
-5431011907 -1741091604 -2157660391
5674693977 -6601720318 1138483410
-7404321747 -2679297496 -288581941
-9021316234 5175190833 5109701339
1956084318 -4156433496 385784624
-271742441 -4824279217 -5392897099
-8793036029 -1647842018 2941968483
3138017447 2213597122 -3029166546
7964930003 -7153451651 -9744440133
2143835441 -2458834298 8991909869
-6337901898 -9333043867 9320617719
-6141903621 7296522802 -3711375727
7808833296 6706305834 -2164286187
8878465020 -590755222 -2202583194
5131471390 531132284 9268860858
1662893567 -7500998525 -6583480253
3148602144 9121874211 3933919021
-7661903016 7293717778 -6798434062
6825341720 3976830086 -9786759590
-2000892503 4779698935 443901925
659253882 105744044 9371345473
4452997880 -3691926467 3156384020
-8402694194 -4148521875 -1418644327
-8185408228 8930421008 -8698957016
-4295988026 4664253807 -6139721473
-180259232 -8219538542 7332076533
9235702488 -577434932 3816457735
-7136677603 -1602289910 -4776545467
-5730365876 5663682394 -9122926892
6168034378 -4559663310 -6051113134
5383618575 -703716567 6271914652
1393437581 -6200384979 -955757871
7046512222 -217611672 -5105404335
8802029213 -5603015440 5796220305
-6180449678 -5917282843 3872743779
6690939466 9832155274 -5179525077
-6931168833 -4408838633 -7557096459
6608544074 7740791993 5324072125
1763930907 7897813792 -3964472777
-5682030364 -2875170126 -3888886298
-4798957849 8848336510 -7238435644
6711992406 -3633016615 9978612207
3366451808 -9112523258 -3697917333
-4951105858 -7971424610 -8475883058
3093185543 9013380587 -3390052
-1174751798 -8495049041 3147013825
6183846842 -2962134242 -6346319
-3418900034 -3059620487 6343462328
-4567108459 -5861108774 -659014471
-7737799522 -6056434727 5681346430
7865163643 7443221174 -4889221178
-1382342938 -9754062279 8062670627
3271029154 5013255674 -8995819929
-9867554786 2506938253 6032877628
-1348896821 -1351467635 3804849269
-8329060478 -7103802661 2868966723
-8001000182 -3374567215 4366596148
6190124101 -4756931837 -6544336493
2666759275 -2425729327 2532199293
2327610599 390028507 1311989978
5995065600 8212932982 2469559192
9237874987 6909874478 389839584
-6703591263 2830074095 740573461
-7822118790 -2619088717 -4742372907
-2534081696 3827434418 3333203389
9029882182 -180958018 -5397722582
-4833515894 -7890283905 -1609408926
-1543192820 -2920604516 -1482646670
936049802 9458993429 -5486336993
5390683978 -8591850300 -6548041520
9759759989 2889490758 6826652977
8733640695 2942376737 -6225308554
4558829839 474737748 -5831157023
-8421359636 -8998789705 -8668258124
2827118937 7461473717 3112287120
-1100950066 9472905659 6993763239
-9617311634 -7189665894 -7870697266
-4079760937 4432990707 -1033995920
8742485807 -7381364524 -5629133708
-3687057499 2789337830 4181134033
4612174469 8031305456 2593832619
4942079373 2801441022 -4677662278
1390047826 855374345 -4867259148
7699741704 5607085591 -6705339113
1335452933 -4935451530 9996639653
-7667799701 -8497430316 -9678872853
-9405953155 -6080522418 9192337018
-4364771558 -5802903026 7981049699
1640062789 5188896640 -6743015647
289440329 -9645844013 -9279213322
-3927634431 -4459838389 -2983323023
9839186177 3735080029 -2633716663
458287 1482980657 -9203297465
6243983072 1618144166 -293076330
-6635118759 -3260567679 4560192133
4646692454 2962874009 -7507414107
3811852168 2389292772 7884120918
-9587197495 -7026866696 610324931
-5858754405 822637555 -4200923965
7790716342 -5768275773 -4694670529
1999137358 2025374793 -7509892396
2057684764 9153926706 -7811093793
-5523085037 1026884941 -2760604837
-9061722244 -855426011 1414700885
9700350978 8124795418 6469585272
367552759 -1631080123 -1098371346
-73395551 -9263844599 7637800262
-2916851476 7855743752 -6369219520
-5777211249 8724239967 -6268138550
-1646463635 -8605184824 9261761252
1862878226 -8760600391 2694043736
692368451 7231232655 5575600317
2439172568 4987729886 2928658229
4763388045 -2863346610 9515087688
-3921532218 -7156235331 1733845347
-654946496 2083186140 1301559127
-7883587735 3949737968 -3639626389
7059495062 7655474497 -5770763297
2028914387 -3982993335 -7594628176
-9837448363 -5368088655 3604676965
2031926695 -2249775847 2444486964
-9586797396 2951309598 9129991866
1778722434 -6535254086 5571288651
-2018612243 2563915653 -9269700564
4879062608 -1949048819 3383439976
1302766685 -1331645047 -8227465545
7687587522 -4435464083 -2983632565
-7769093859 8422532297 5520167695
-9279292381 -1611381706 -3767886609
-8174872729 -7578744048 -1091755929
2080661949 2028686950 9088356000
-13958925 -8992011404 9243528208
8125691816 -2161283905 3984805236
-8999477396 -6190476877 -237841687
2186485948 1776293241 -5590186381
-1582116334 -2821030715 -8139588775
-594433346 -9382510317 8299051911
3562334507 5739857816 6823994461
-4721842823 -9735641696 -4535082188
-5008859395 4457417547 168125293
-7028238578 -1728082275 862445182
5288594658 3960505286 -6245516198
-3700798338 6070979662 -1697553497
-5818276641 3448992360 1308224831
5186926291 4060629643 8926123359
9689616315 7508323060 -2931238708
-7754523505 -9901504218 3804497140
9047071042 6501740760 -1725293830
2593677797 -7285448158 -891263686
1224001587 519240044 4169747987
-3362899966 -9107668218 5434979259
9744495841 -4205456794 -8248453624
4685580350 -2521876482 -3831579292
-5109980136 -4857859031 -8213389974
-4712278444 3131862536 -1059333499
-8913871399 -3244818950 1078278184
6569445392 -46316731 -7642402238
4496892961 -3224230573 -8458334898
-9556905548 1113609446 6272961738
-5569649406 -7331362418 -8418476556
2467649508 1121383890 8011229909
3902370092 13815461 -3866390937
1659445282 1738213699 -5243257262
-1521189364 -8205855074 -9875439760
-3207604559 1356767537 3693509119
1830825292 -9934531156 4260986807
-8167964312 -2324414298 6320769171
8638242912 -5075749443 -1013652995
2426372276 -2467490584 1151542074
-1703329234 7112509755 -2720974466
-3902964172 -3081444426 -8320901001
-6486609673 -607104669 284776249
-5334985109 3858532076 243750033
-1155983093 3970844950 2080425787
-7322942247 8378451393 6266783657
5717334864 -4544990360 6189660183
329799077 -2311489647 -7151513310
-5950914533 7620812207 -7751260492
-6029417196 -7991076995 6164649197
7366409486 -7988992551 -7713927448
-6187400213 -6299750878 -2522934463
5466032892 132058463 4126259711
-9975248732 556048347 3856414344
-8096435891 -7894102619 4283220286
6308390016 -1943638942 -9260680938
-3032887441 -1984579474 -8463817542
-5331006432 7552919598 -2004591057
4403284379 6774581656 -3187121147
-4153244218 -9526660572 6842134004
6039988782 4120188679 -312137296
-660675183 6058547308 -385020038
-7973049196 -5001041393 637904579
-7951359474 -9197037541 -663077111
6373748410 3476558303 8617989742
-2050719358 -7023925102 -1913133780
1184148992 -7342285683 8893679816
-2436730222 -5986551014 7598894390
-9619597259 2955397586 -6508042006
-9006120236 -3943386683 7753981284
-7846823605 3192736399 -6758745915
-5969098449 7241019485 -2294023257
-5361584269 9063698620 -2427169494
6233963009 83843173 -5958689350
-4170185584 -7914272520 -2403175437
-6603673671 9064230251 4785565752
-957118949 -1552490759 265535181
-5426607367 8903661192 -2801580233
4532071099 493737634 -5673809927
-4639737325 -7957549441 -838350937
4608786120 2209899571 1574093022
4302892817 -4080759087 -6765242462
1364357343 -6413273266 -9562360339
3853864579 -9190079274 -1046811610
-7027513832 -3536302702 8453127365
6681013793 7359494929 -2377158510
-3252434474 5324188289 8144599121
-2676294337 5173456137 3705978897
2542408630 6671273762 6551783921
-5389158972 1943426216 -7899071753
2883691136 1369812735 -9360096623
-4547657763 -4531577343 -2068041019
-1269860627 -6466506978 2923614942
-4781892770 -7521021316 5942369551
1194523947 -2137905684 6760239039
3276102660 -6031620852 2907347830
406078489 7472691842 -8937915757
5590491802 -8653839818 7733186209
-9453779950 489124266 3954543042
3412726440 9643484929 5352423872
1120158074 -6148934111 1967052538
-4102797100 4791062559 -823004876
22924420 2927330256 7644583120
4402255337 849658244 6285867788
9612544735 7004165553 3769690148
1930822070 -9867070844 -5075893897
-5316020916 -9753405374 -8110137650
9588711678 -4342103378 8328024075
-8389073048 -7570532527 -593196861
4896182928 6746828242 1097289166
5924391827 -8941124500 8540085511
8668581603 -5910397824 6676300735
-2790103487 -1589753726 -9024287373
-1120969359 -3062993263 1682225621
-9455858530 1007047189 9000125421
1418795974 -8122450751 3607593612
4847924509 5978475164 -3022780953
8685575371 -3173230492 8583680267
9711800329 -3086006846 6370735210
478260784 4955583432 -7529147753
5378931805 -2534322390 -5254470194
-6852526136 3701541009 -8246145119
-3835649654 9332880525 -3633057200
-1467851731 156741868 -5624399429
-5274828580 -1194063721 -2588406672
7270200703 228710778 8964742863
-2970778261 -5368860398 1982210964
-4386899117 -4460535195 -8450532279
7306048337 -608663108 1968327568
-159800327 2315217596 4253377593
-2921125645 6042779387 7313189014
2530320822 9568648727 2255194054
6974578305 7222217592 8273907221
8826371579 -8757499819 -8872194885
-7487198426 -7821824440 -1692827895
-8420114982 909541730 -1660796528
6323124489 9340407707 -5932841180
-1839626470 -2137506128 1751216818
6936900779 -7142278251 -1475436167
7420534320 -5355840891 -9021129496
1486252398 7373805243 8955331122
4572682511 6612632680 8669682709
2022996779 3964874037 -3743668855
-1670601550 -8424493732 8669113993
-5367878189 3746300665 -492986812
5766852145 7555571671 -2747489177
6613609405 8990100173 -4820028642
1154720675 -8270578057 -2823887789
-5559016433 -8274934290 3917110456
1334316925 -6780061377 9806769031
2026615489 7470665191 2279984723
-3935727559 9524207762 1061976316
-2387071065 -1053278238 8493691078
-1264027533 -2757646248 3984164328
-4395063164 -3531351682 8698913015
6460388955 -6293771205 -6458862246
4410198518 -6814645068 -5123205136
6569386617 -9348360588 9496035957
6315686891 4788130389 5087866766
6536357931 7606102902 1580350251
9402140041 -5783561997 -8898561452
2405092490 1027515047 -3824305100
565901994 -3936721778 -1370162401
6985128760 4909052791 8366959413
436868947 -1748548144 5685312312
-3778092008 4647234530 6251453220
-1993726217 2487913185 4816899913
8610259086 3712889897 9744249244
-4559896093 8925004389 2007812770
9598369557 1804900516 48713830
-5488652790 -9732427184 5906873381
-6144126388 7612503148 9367571266
-8506803427 -9210275592 3643040140
352573301 -882842968 914763703
-5168147289 -3874630240 4407184994
1340029592 9316982224 -255765450
2215043714 -1514473291 -9187014357
9242006688 148125646 6603884545
8200689362 5680183488 -6613746834
8877410578 -6528888780 -2135264086
7275164958 4836943174 -3444296959
6128565520 -4467688390 91628090
7562154194 5430127303 -9924864635
532883113 5653968944 5109146398
5133401810 3754243731 9509897310
2127031741 3725929227 -9970568609
2296431931 927895206 8782620034
-1952577798 7567429202 1538138372
8765540389 -8271974388 -47873422
-2790992626 -4578934016 -3290197478
570627849 5636688685 -8904348596
-2499126548 -2106799385 -1954508105
-6927860219 -7272402481 8697576427
-105879627 9395279363 -6737892855
6322602814 -3038549366 6404653206
6436594429 3963018877 -3909834540
8230718931 8514179292 -5848973275
-8165086863 686101683 -9507094477
-9878891064 4035630594 6925409563
-1815147063 6280174367 5147756650
-4872131678 9347446646 4806080194
-5075626261 -4219064615 5748386073
8038802176 2829726918 863475276
-993970769 4702460496 6808097894
3639956568 -2624368468 -8180839498
-3566277915 -6235778375 -2807495041
-9178532786 -1837935098 5188887037
-657881582 9957594317 -7792308920
3269080805 8987883876 -1001780232
-5514844747 8840520896 -4616644230
-9156241232 -2785103174 -5095280994
4392591373 3324904707 8150580249
-2621284507 6251469023 6051573266
9036932659 -8019464879 -5024635078
4540421703 -9947620714 8630597563
-4504118359 -6289362034 -5714842549
-3669828485 9965571156 350086419
-8885807558 -7132991377 1582128397
-4822829572 7596298897 -7065460500
-2435827031 -3602143130 4982174784
-2339626537 11285225 -3319051959
-6763858808 5717782046 3519845831
-545125423 -1157981948 4468047783
841466963 -5370379085 6246934378
7519080532 2945879368 2612487363
-5101546167 -340862731 -9871522322
-4354256551 8951485302 -7511556469
-1389232977 8762643654 -7551153027
6879571523 -8304720880 -2328405304
-6501644973 1812523304 4533023340
4591458447 -4273676889 4264859680
-7760517103 8160374994 4633704103
-894928053 1721385991 -4002354461
-9595713527 1603071125 -5765082923
5761909208 -4347829440 9693617276
-1882476811 2681732714 7584734279
3945632727 -3955406359 -5133066134
7455310822 -5202054845 2903049744
-463440281 -609864484 -1592711020
2068316162 6383973491 4320629414
-5987758887 6972148583 -5286767615
-7109593779 -898970950 -4116945283
8844175830 2664587750 -9602115532
6868948142 5631029842 -1053032945
-3366201098 7224252565 -8364790499
4686836642 9206165886 -7462516470
2998876645 5159045610 7631364947
7266300001 6415962388 -5612108868
-6525354755 -5076597324 3339704665
-2945917501 -5671267262 1537554321
-9244753682 5895981899 -653034412
-710297724 3966610290 -6100091389
6719569040 7040440456 -3319739386
7536772208 9971407988 5040208064
3241388446 6444133580 8693581486
7201172420 -6069863468 4743763284
-1749169627 -6898898864 4653154313
2594373270 1095845334 -3256724864
-1090696450 7669474240 4463299090
-1854060424 208022089 -4484922928
1766220638 445712758 -7259001505
3767707951 4888830240 -7954331543
4793169880 3669510077 -1189826685
1144027002 -6444089453 1766763801
-9073247083 2076315612 9889880718
9658443878 5870826876 -9389310
-2537225020 9122449435 -8882246223
-5594592713 -4270678819 -6297946661
-8051413187 -1860506116 5563684055
-3793348576 4428769704 6687139092
-2441986647 -8789513550 5447917078
2216752225 -5736324415 -2721842163
-8528642275 -2970315522 -326809575
2182335846 -423662483 -3337079006
4916873158 2310374589 1232361585
3261451497 -6370915022 5882168748
5670891279 3166952060 4589092595
7306297121 7183120427 -7689221323
-7932437966 6130390683 5550945629
2418679464 25074730 -9196194314
-6167124287 9265824338 -1925062770
1148792555 -3233142010 88996765
-4750336314 -4854825375 -8741292811
5590636159 -3911273863 7895407867
2583135840 7454112026 -7760287168
2095554531 -2322592959 -4216088318
-7035436266 -456108410 2190655601
5817477070 2483327780 -4064507758
-8688182511 -9110244834 -485880805
-6389872400 -6856919065 1309960227
-5427506713 1302044505 -5500024640
9302436304 3630754794 -5285042962
-4185020025 -3199769896 121066933
-665491437 -2813538286 -2969553495
3587124347 -6795463808 1801509629
9455562065 4951383566 779398092
415564215 -2843373812 749377283
-6431928018 -4001443027 -3128027049
-1798540589 6808245278 8684385361
5141710657 -4859124682 1266008150
-6702220234 7910597024 -1736063411
2624946689 685812251 -6749603520
7038442175 -8799170782 -1810948629
1150684123 -2976995715 8884640186
-9312760220 2517979831 -1587936652
-3761229660 9381389972 1479747176
-5941641347 4619054245 -2983278131
-5433254808 8049753153 3434222016
-4571566594 -7893002436 -237363878
-6157346359 4628777226 -1700620247
-4794822712 1498287238 -5206602608
-9470821986 -3214830569 -3394951008
5980998158 -3736158111 -9931661391
-2489228253 -3968946851 -837011820
4511226245 -3148294820 -4755941003
-700465017 4024904591 5856686507
-9256139158 3435384781 9184988906
4448277725 3440210857 -8495619296
5339100617 -5611497747 2785298947
-483387345 716370366 -8411117570
-6470759996 -4092538200 -5307789639
-5543681926 -441595475 7641375779
-2570175271 3822653682 -4945406858
5451941838 -2753068076 5304525545
-5225073486 -248894310 3154002676
9060376608 -6336643692 -2336940929
-3344777964 9965020990 -7889001278
8253671721 9269614794 9091913868
6394696711 -6563820292 -7886433283
-4579312706 5147442774 -3152132034
-7945155521 9390289417 9920697599
8128502789 -5071747131 -746935436
-6473953047 -8013339625 1655272266
-2665432989 5286665166 -8253673406
7612817279 7131420829 -8590648492
-3099179759 -6393088780 4067349056
9201747414 6585441194 -2727966412
6532837823 -8081782855 -7041328917
-7443179852 4004355772 3561259817
4534914891 7619092334 -2035304104
-2250122951 -5117071246 1872696254
-4094023661 9895958717 -3259415631
4482192193 -4084149599 -8153164616
-8953293665 5138499978 -9700665495
146248382 3469894165 -8381147916
3649545792 4647814521 -9674919483
-4775937661 -145392117 1751187087
5592971289 3414288929 7192563724
4260517631 -7480312664 -1690996007
-5662224810 -1806547767 9568541887
9343788408 284030797 -6208913001
7185394972 2773622704 1238249005
9820877948 -2768941819 -8817962914
-9617797141 231889211 7078870561
-6364450760 230536132 -3912611532
79061965 9238158130 4405236803
940704317 7112483354 6454966229
-1938608197 1925213493 9909887916
4928492200 9294007499 1892712710
-5634269383 -82306881 -8105698712
-3875084580 -9062297435 -417900194
8684647267 -7648040684 -1413069937
3325492882 -8206970552 -1636561712
-5017679329 6480039059 -1607271550
7146859020 6264420496 -5479956345
4036648519 7781617707 -35354634
-8473426910 3925782885 7342794931
-5573863215 -7654172955 -8237860923
-868679200 -5324759965 6026540511
1265591696 8696268500 -3989588526
4682148983 -6582335810 822194787
7173144916 -3677079128 -8860232045
8054891914 2865317019 9086331953
7755095487 -2368978043 -5185585751
-4120041531 -242243894 -2879310412
-1763335459 8363268490 -6986180145
-2242570980 -4545693984 -6793208331
-2479559283 8840086376 2733988027
-4462380034 -5659959946 -9447323434
8267484116 4346048536 6123678896
-6051745639 2936206644 715097426
-3619181168 -7350279472 1582935241
7900251461 -9686306794 5425443703
-9459391773 897129891 -8373540824
3068226475 5974055711 3303809076
-8679804278 -2738040239 3945034088
3812874596 2252970850 5105363436
7314021145 -546459826 -4833468197
1397719617 7516719845 4781337165
-5078346626 2724098690 -2112251807
-3328366902 5160012610 -2216591882
-5537633740 -3608576947 3788835589
-6029465054 6529850335 3385868273
1882532071 8912328918 -3430153000
-4560146794 3245792889 -8054804266
-9601960302 8059499698 1489322832
-4747115507 5996839098 -7647271060
-6037039260 6575758463 -6818797014
-970021177 7833069641 4396612031
3756648810 -1833152356 -7760124667
-2937772907 1641117428 9282242116
-4299484545 -9272672837 8252253211
-6869463681 -8610319170 -6935175299
-397039106 -8642622257 -5964403235
7413804552 7668131333 2375718251
3301131132 9837863937 9927413590
-7165398353 -4088353895 -7882794191
-1999326514 8773664339 8094101635
-7745564553 -8047448211 8735067459
8964957364 7264706224 1400567530
1902187128 155849678 -7234368108
-4372134124 -9846441019 2276834876
-1657220081 6122821671 6354207796
-5475855888 -1588895426 -6132956610
-5955199035 6949483107 3221011095
9962726181 -2969088002 -4936825816
2415071128 5947815537 250495825
8678367098 5980834384 4333083521
-8919052858 -5775314720 -1457599046
-5204640175 6869493130 6075140218
8889215866 1119450017 1104847740
-4141951917 2574061681 -1904680704
4897547949 8418529972 3737100061
9864204228 -4029961797 -5269971612
-2704120030 2552897140 -1246291302
-6026119189 -9913217723 849107209
-1985611425 5080978421 623638865
196389042 7186986786 -3228473125
-4393635132 -5031218971 -8971737081
2231769438 -9333813928 -8405346416
-9258347792 -9072940569 -1344084738
1742967564 7298455019 5407807416
3773879354 3865659673 4603525521
7515440363 3603397449 5858658188
4463024733 2503708376 8160111274
2152197222 -5618665753 1758183444
778081783 7221147716 -5444457549
9633292454 -8694366055 -6554659663
-2865729591 8453213981 -950888213
1219600095 -9520525837 -7837119369
-6293134186 -7000684749 -4178480396
-2632147877 -5640847769 -1606924065
7103471132 9580543713 2811739471
627134629 -3856932982 789458697
-2817178756 -7920621199 4301118033
1240865467 5146171912 -3332414217
-4224506650 6710580151 -9726104598
-6591995257 3730765250 5271455658
-6173716474 5759689749 1364570269
7500312968 -8669965123 -6507953567
4470477067 -5223657649 -8100729872
6503783709 6550118032 -5397603457
-7315458754 -1998601419 9029388061
-8112404135 1433433041 -2482816271
-877675412 -2567891000 9998139839
-1472925807 -9626852624 5808398719
-3668262813 -9460864438 -4695525941
6047585412 -8334996134 9291950801
-5416745903 -5428064691 -4779490377
2515459200 -1491242545 6289434034
-856359855 8291459427 2757547070
5784511720 2219229248 -9314094679
5670558946 -5565724496 4830013481
-2602572687 7407156939 9392095410
3816176902 4120641982 -936007048
7859082288 -2875987585 -7935499678
-5161655452 1194673394 8142778534
-4428756560 -7154016300 8503390903
8448109236 -6968808452 834286231
7353913242 8361368602 -939312305
-9765169298 -2248454898 -3626351517
2183858583 -8379055712 2264375607
-5650793075 -2745794129 -669509255
3679147529 3765326821 1489818787
7719467950 6077196697 1713193414
-7664434713 2866005091 -7117505343
-4648101092 -6932471996 -3055363907
-7158784626 -452069117 7096655120
2725835116 5301588653 -4297453182
5408168778 6618799929 -5527729423
8680718031 -5861730705 9533853066
5723427569 40233926 -5205056117
-8082470358 -8018911745 6080203508
9971796529 -1839581587 -5853644885
971918872 3649148055 -9803860378
-172318007 -8060307841 -8681969799
-8460498545 2203134572 -5165888638
-7953590835 -1775535678 -4507953063
7478675092 -5069256595 7427351164
-2501157726 3614856492 -3360299229
6682452061 -3775834683 41965193
-2940942182 -6465898909 -2124123358
-5038879600 -2752712363 3258440954
-1386382218 606228564 9321017262
-4695311157 -4176225030 3527277329
1228380347 -3221106741 6187019493
8627773891 6513900592 8225196206
319653225 -7857347441 3190383532
-7782484961 -3361067881 7172372304
8916850216 -6300000994 -7033635775
-2596802339 3510924123 6411255523
-3244390001 3055098510 -8853778020
2700320134 -1954561266 -1806401825
-7351294500 4386532220 4494791603
800133789 -7166050766 4403748501
1030745423 -9605339510 -3309768637
9211254960 -6518168249 7009644951
-1499471914 8697395482 2861326526
9704487820 -6205036789 9757710371
-2691595523 -957260642 7038202134
3728946572 8305771382 9120736788
3164106052 4100165610 1419490837
1579889838 6219473511 -3321065834
-6677436669 -2151439690 -1496936138
-6544418517 -7404260784 -1169719379
8694196500 9295635856 -8957695032
141150906 9637043312 371158360
-4125607390 1415041587 -9256254772
7691563840 7744128528 9438739378
1439414430 5240700011 9287100225
5692848542 2345900022 -4194235580
-2694221737 -5197911872 8555704191
-834613267 3407193490 8061602363
5638940404 715769669 648666363
6443560606 -3651673434 -5598274968
-8588142306 -7170813775 1531974307
7905032780 1842339880 -1530457565
3740035458 2008999340 7912209648
2415078908 -8702746086 -421423567
397133034 -5494130162 -7676818139
7616580379 -5037981879 6296203499
6643272913 576330525 1104804816
7751605013 533136650 -9012259621
1393794879 -649452494 5721953603
-5666473162 3616931647 -6547644330
-1694735437 -9563440370 1802975482
-1814359970 -1598373117 9497985318
5260817111 350551536 -4244029891
366689401 -1477513294 3282524342
7171247658 -2824386752 -7805887483
9221998879 4991448642 5290500718
-2797425534 32749601 2695358247
-3288447234 745387657 -7686813576
1050731538 -6954444196 1529379240
1335970176 -189913092 7159828131
7712463964 -2082947026 2891554479
-143215807 383426761 2241467217
-1962783141 5103272303 8568007439
4386938445 -457989319 6782460067
5858152964 408807629 711723938
-6010422894 -7477957622 -7126814498
7139409341 -3506824225 6048636823
4419155978 -1476705152 6269477635
-7496334886 -3283168324 -7670283641
-4415833282 9059371748 9432516270
6681983428 8545420372 9096440604
2898260030 -7769025115 -7609885447
-8493273204 -5003689752 -8435593175
1852564481 -7527650889 7949352376
-1520255438 -5941186570 669645483
8327072146 -1348016879 -7045039387
-4761006575 -228324459 4893818904
3739284828 9375384384 -6055756802
-5190075647 7981222517 -1961947947
-3023822655 -3822402473 2888486869
-691186780 -7072493301 9610248787
4437389231 -6592524297 -476030079
5182863327 -9723976892 6988681858
296352963 -6548880635 3642706131
-4923441983 -4859161360 -1469169468
-9121455044 7852569623 8403726761
6823553037 7513954781 -3939724668
-2909637346 -6297893389 -6763255665
-374794014 8411997666 1597878321
715642792 -3182464187 4273970763
-5781783414 -9551006271 -7473055106
-5912993870 -2238629246 7605528558
-6408168821 -7581416969 -911696188
-159797440 -9320291191 -8328095289
-3589703460 2856021528 3409165479
-8752318032 -2012935823 -4002697073
-2284916133 -8313645768 -1683301358
164846175 -4751653422 -7636764773
-8282594672 -906598206 733084919
-5721499342 -502558706 -5056845395
-2594548085 -5270096938 -588425328
7832622845 -3548607643 -4017521368
1703553229 4856777974 -6352507295
-2092137629 8552634417 5455299109
8748351184 2109645803 -5339932476
6015681608 -606398309 7260826645
9672243869 1843461773 8710562203
-3827227674 -1355342441 -8197549389
3191981313 7396898538 2967845237
-1201057743 -9545924341 -4360291431
4751234147 7048479791 -4875717181
8944685404 5509939805 -1868832801
-6577818499 4102036621 -5807069986
8584760295 -3846123773 4689053845
-1432779836 -8813571626 -1351060408
2064184228 -5962931277 3934895577
2743570690 -750281601 -7276046985
3934063691 -6945223426 -2470837984
-2566490638 -6141409713 3737859241
-4004277444 -2685755437 -3162686234
-7668093148 -7211242792 -8745670104
85759630 -4025705163 -8718701754
-5848703936 5223278817 -6479142352
-6510584775 -117925533 -5790209821
4016735036 -6100569325 2924391566
-6719893921 2481478909 8192717149
5067670008 3253616026 7409271801
-8329293989 7616254312 4583972117
-8895822010 -9113950284 282297519
354720874 -757431710 -6332349520
9707937746 -753659327 -3118254286
8689739753 1596612394 -2186989702
8161518139 9913958521 -835443880
-2137438989 3758764830 -3924085184
-6231540487 -5815732455 -4562998159
7850469193 -8046427629 1841066064
-8338083900 -5062922013 7182658375
5833815418 -4433476087 -518844925
7502260966 4638485719 8686399056
7960114691 1056743585 -3971528942
-9730927456 9116790017 -2551013052
-371230701 -2537348835 -5870454190
1007914570 -6652393505 260785281
-910378410 -5188291272 -448759664
-6853309288 -2545533498 6434274504
-4423382668 2694161669 -1597546475
1885932589 -5967306194 3603808586
-4309080456 -3852614306 -2455012739
1729411487 9630878872 6752896993
1596126935 -1892173648 2685003475
2332440223 8410959329 3250475190
-2157714826 -1679344041 -155172595
1234167577 -4559625337 -1606333275
-3350968969 3336017642 -210874426
2454366290 -8690213051 -5575300818
-6001630396 -8182199321 5184805910
9726250296 7631678669 3489628758
-5740330981 6779702602 -9719660428
1083293742 -3794086947 -8428426356
2765062632 -2150643994 9742569027
2219435974 -2673606925 3401469590
3067139428 64736608 8118297665
-4103942126 2008619660 -953872008
-8202547846 2495476103 -3854565480
-393973132 8569810695 -1921737087
3161509934 -8745580785 -571718830
-4280437824 -6326028513 2491409907
6278911021 -2554404361 -151543021
3498325032 -9091588450 -148012657
107691373 4813358991 3663724559
5012379539 -3475338937 -5930662372
8990243106 3806631476 3408874193
-5628953649 -882759367 -9263581234
-5096403573 -5306441200 9269049695
-708198335 5711952818 -4245512672
-3584673330 5848630173 -6734481001
-2853637656 3453869251 -7436134099
3470833974 8132118102 -3537527779
-7552140988 -887352995 8934105527
9713148231 6998844108 -9740455705
8725878002 -6198461358 1390037419
2466617415 -8263142669 354049190
2331805294 -7022852903 -7834254914
-9981218984 212369375 9985005291
-2238653422 3596400505 5790673566
4359017188 -3380014644 4243133384
-6249853321 -3124264139 6587762067
7300684222 -390414760 -5553488930
7444988245 400672310 1138801032
-7714476070 -7806955309 -1377236759
-4990942449 -1627318845 -5231148342
-2059052233 -7404325737 3255884338
5425576926 -6662203168 5327401500
-6521379800 -8776686354 -296638007
2802360467 5323106830 9046692925
1219475142 -9008635652 -8030246182
6272196710 6949874529 5046076859
